100 70 100 96
30 89
69 37
3 5
17 51
73 5
37 72
38 44
94 85
34 64
99 86
65 96
92 20
55 71
19 37
53 76
23 43
66 19
99 8
11 37
80 14
28 35
59 67
72 51
20 6
87 100
84 49
63 13
92 8
10 19
1 44
20 76
85 27
98 44
55 54
64 63
59 19
94 55
50 33
8 87
72 48
87 69
96 9
27 12
44 44
76 47
92 50
13 41
9 53
72 83
32 43
52 32
11 43
100 41
42 35
69 51
45 78
16 30
88 50
21 23
27 70
97 26
75 72
14 90
32 86
23 13
6 41
100 16
73 47
66 16
18 90
25 7
17 55
83 48
48 98
15 15
66 69
6 91
25 21
31 44
1 71
11 48
2 29
3 35
95 27
3 13
82 79
66 97
34 75
96 59
73 69
4 69
91 56
39 91
16 18
83 60
62 83
58 24
11 50
25 3
97 14
62 27
32 11
60 73
59 30
49 17
40 42
4 24
68 79
100 94
64 65
82 86
12 22
16 28
11 11
89 15
26 9
75 61
35 59
47 36
23 52
26 78
94 14
23 80
75 63
33 33
43 75
44 87
12 30
39 95
54 54
63 31
66 11
24 84
73 83
15 55
64 42
81 70
32 94
81 49
41 28
13 55
91 69
89 12
16 27
8 100
65 64
98 12
84 68
30 52
30 85
9 16
29 76
86 87
67 66
16 38
26 32
5 89
87 62
83 12
99 51
25 33
39 46
12 71
73 33
41 59
14 96
7 54
16 1
42 27
31 73
